1 10.80 6.85
2 11.20 7.05
3 11.40 7.20
4 11.60 7.30
5 11.70 7.40
6 11.85 7.45
7 11.95 7.55
8 12.00 7.60
9 12.10 7.65
10 12.20 7.70
11 12.25 7.75
12 12.30 7.75
13 12.35 7.80
14 12.40 7.85
15 12.50 7.90
16 12.50 7.90
17 12.55 7.95
18 12.60 7.95
19 12.65 8.00
20 12.70 8.00
21 12.75 8.05
22 12.75 8.05
23 12.80 8.10
24 12.85 8.10
25 12.90 8.15
26 12.90 8.15
27 12.95 8.15
28 12.95 8.20
29 13.00 8.20
30 13.05 8.25
31 13.05 8.25
32 13.10 8.25
33 13.10 8.30
34 13.15 8.30
35 13.15 8.30
36 13.20 8.35
37 13.20 8.35
38 13.25 8.35
39 13.25 8.35
40 13.30 8.40
41 13.30 8.40
42 13.30 8.40
43 13.35 8.45
44 13.35 8.45
45 13.40 8.45
46 13.40 8.45
47 13.45 8.50
48 13.45 8.50
49 13.45 8.50
50 13.50 8.50
51 13.50 8.55
52 13.50 8.55
53 13.55 8.55
54 13.55 8.55
55 13.55 8.55
56 13.60 8.60
57 13.60 8.60
58 13.60 8.60
59 13.65 8.60
60 13.65 8.60
61 13.65 8.65
62 13.70 8.65
63 13.70 8.65
64 13.70 8.65
65 13.75 8.65
66 13.75 8.70
67 13.75 8.70
68 13.80 8.70
69 13.80 8.70
70 13.80 8.70
71 13.80 8.75
72 13.85 8.75
73 13.85 8.75
74 13.85 8.75
75 13.90 8.75
76 13.90 8.75
77 13.90 8.80
78 13.90 8.80
79 13.95 8.80
80 13.95 8.80
81 13.95 8.80
82 13.95 8.80
83 14.00 8.85
84 14.00 8.85
85 14.00 8.85
86 14.00 8.85
87 14.05 8.85
88 14.05 8.85
89 14.05 8.85
90 14.05 8.90
91 14.05 8.90
92 14.10 8.90
93 14.10 8.90
94 14.10 8.90
95 14.10 8.90
96 14.15 8.90
97 14.15 8.95
98 14.15 8.95
99 14.15 8.95
100 14.15 8.95
101 14.20 8.95
102 14.20 8.95
103 14.20 8.95
104 14.20 8.95
105 14.20 9.00
106 14.25 9.00
107 14.25 9.00
108 14.25 9.00
109 14.25 9.00
110 14.25 9.00
111 14.30 9.00
112 14.30 9.00
113 14.30 9.05
114 14.30 9.05
115 14.30 9.05
116 14.35 9.05
117 14.35 9.05
118 14.35 9.05
119 14.35 9.05
120 14.35 9.05
121 14.40 9.10
122 14.40 9.10
123 14.40 9.10
124 14.40 9.10
125 14.40 9.10
126 14.40 9.10
127 14.45 9.10
128 14.45 9.10
129 14.45 9.10
130 14.45 9.15
131 14.45 9.15
132 14.45 9.15
133 14.50 9.15
134 14.50 9.15
135 14.50 9.15
136 14.50 9.15
137 14.50 9.15
138 14.50 9.15
139 14.55 9.15
140 14.55 9.20
141 14.55 9.20
142 14.55 9.20
143 14.55 9.20
144 14.55 9.20
145 14.60 9.20
146 14.60 9.20
147 14.60 9.20
148 14.60 9.20
149 14.60 9.20
150 14.60 9.25
151 14.60 9.25
152 14.65 9.25
153 14.65 9.25
154 14.65 9.25
155 14.65 9.25
156 14.65 9.25
157 14.65 9.25
158 14.70 9.25
159 14.70 9.25
160 14.70 9.30
161 14.70 9.30
162 14.70 9.30
163 14.70 9.30
164 14.70 9.30
165 14.75 9.30
166 14.75 9.30
167 14.75 9.30
168 14.75 9.30
169 14.75 9.30
170 14.75 9.30
171 14.75 9.30
172 14.75 9.35
173 14.80 9.35
174 14.80 9.35
175 14.80 9.35
176 14.80 9.35
177 14.80 9.35
178 14.80 9.35
179 14.80 9.35
180 14.85 9.35
181 14.85 9.35
182 14.85 9.35
183 14.85 9.35
184 14.85 9.40
185 14.85 9.40
186 14.85 9.40
187 14.85 9.40
188 14.90 9.40
189 14.90 9.40
190 14.90 9.40
191 14.90 9.40
192 14.90 9.40
193 14.90 9.40
194 14.90 9.40
195 14.90 9.40
196 14.95 9.45
197 14.95 9.45
198 14.95 9.45
199 14.95 9.45
200 14.95 9.45
201 14.95 9.45
202 14.95 9.45
203 14.95 9.45
204 15.00 9.45
205 15.00 9.45
206 15.00 9.45
207 15.00 9.45
208 15.00 9.45
209 15.00 9.50
210 15.00 9.50
211 15.00 9.50
212 15.05 9.50
213 15.05 9.50
214 15.05 9.50
215 15.05 9.50
216 15.05 9.50
217 15.05 9.50
218 15.05 9.50
219 15.05 9.50
220 15.05 9.50
221 15.10 9.50
222 15.10 9.50
223 15.10 9.55
224 15.10 9.55
225 15.10 9.55
226 15.10 9.55
227 15.10 9.55
228 15.10 9.55
229 15.10 9.55
230 15.15 9.55
231 15.15 9.55
232 15.15 9.55
233 15.15 9.55
234 15.15 9.55
235 15.15 9.55
236 15.15 9.55
237 15.15 9.55
238 15.15 9.60
239 15.15 9.60
240 15.20 9.60
241 15.20 9.60
242 15.20 9.60
243 15.20 9.60
244 15.20 9.60
245 15.20 9.60
246 15.20 9.60
247 15.20 9.60
248 15.20 9.60
249 15.25 9.60
250 15.25 9.60
251 15.25 9.60
252 15.25 9.60
253 15.25 9.65
254 15.25 9.65
255 15.25 9.65
256 15.25 9.65
257 15.25 9.65
258 15.25 9.65
259 15.30 9.65
260 15.30 9.65
261 15.30 9.65
262 15.30 9.65
263 15.30 9.65
264 15.30 9.65
265 15.30 9.65
266 15.30 9.65
267 15.30 9.65
268 15.30 9.65
269 15.30 9.65
270 15.35 9.70
271 15.35 9.70
272 15.35 9.70
273 15.35 9.70
274 15.35 9.70
275 15.35 9.70
276 15.35 9.70
277 15.35 9.70
278 15.35 9.70
279 15.35 9.70
280 15.40 9.70
281 15.40 9.70
282 15.40 9.70
283 15.40 9.70
284 15.40 9.70
285 15.40 9.70
286 15.40 9.70
287 15.40 9.75
288 15.40 9.75
289 15.40 9.75
290 15.40 9.75
291 15.45 9.75
292 15.45 9.75
293 15.45 9.75
294 15.45 9.75
295 15.45 9.75
296 15.45 9.75
297 15.45 9.75
298 15.45 9.75
299 15.45 9.75
300 15.45 9.75
301 15.45 9.75
302 15.45 9.75
303 15.50 9.75
304 15.50 9.80
305 15.50 9.80
306 15.50 9.80
307 15.50 9.80
308 15.50 9.80
309 15.50 9.80
310 15.50 9.80
311 15.50 9.80
312 15.50 9.80
313 15.50 9.80
314 15.55 9.80
315 15.55 9.80
316 15.55 9.80
317 15.55 9.80
318 15.55 9.80
319 15.55 9.80
320 15.55 9.80
321 15.55 9.80
322 15.55 9.80
323 15.55 9.85
324 15.55 9.85
325 15.55 9.85
326 15.60 9.85
327 15.60 9.85
328 15.60 9.85
329 15.60 9.85
330 15.60 9.85
331 15.60 9.85
332 15.60 9.85
333 15.60 9.85
334 15.60 9.85
335 15.60 9.85
336 15.60 9.85
337 15.60 9.85
338 15.60 9.85
339 15.65 9.85
340 15.65 9.85
341 15.65 9.85
342 15.65 9.85
343 15.65 9.90
344 15.65 9.90
345 15.65 9.90
346 15.65 9.90
347 15.65 9.90
348 15.65 9.90
349 15.65 9.90
350 15.65 9.90
351 15.65 9.90
352 15.70 9.90
353 15.70 9.90
354 15.70 9.90
355 15.70 9.90
356 15.70 9.90
357 15.70 9.90
358 15.70 9.90
359 15.70 9.90
360 15.70 9.90
361 15.70 9.90
362 15.70 9.90
363 15.70 9.95
364 15.70 9.95
365 15.75 9.95
366 15.75 9.95
367 15.75 9.95
368 15.75 9.95
369 15.75 9.95
370 15.75 9.95
371 15.75 9.95
372 15.75 9.95
373 15.75 9.95
374 15.75 9.95
375 15.75 9.95
376 15.75 9.95
377 15.75 9.95
378 15.80 9.95
379 15.80 9.95
380 15.80 9.95
381 15.80 9.95
382 15.80 9.95
383 15.80 9.95
384 15.80 9.95
385 15.80 10.00
386 15.80 10.00
387 15.80 10.00
388 15.80 10.00
389 15.80 10.00
390 15.80 10.00
391 15.80 10.00
392 15.85 10.00
393 15.85 10.00
394 15.85 10.00
395 15.85 10.00
396 15.85 10.00
397 15.85 10.00
398 15.85 10.00
399 15.85 10.00
400 15.85 10.00
401 15.85 10.00
402 15.85 10.00
403 15.85 10.00
404 15.85 10.00
405 15.85 10.00
406 15.90 10.00
407 15.90 10.05
408 15.90 10.05
409 15.90 10.05
410 15.90 10.05
411 15.90 10.05
412 15.90 10.05
413 15.90 10.05
414 15.90 10.05
415 15.90 10.05
416 15.90 10.05
417 15.90 10.05
418 15.90 10.05
419 15.90 10.05
420 15.90 10.05
421 15.95 10.05
422 15.95 10.05
423 15.95 10.05
424 15.95 10.05
425 15.95 10.05
426 15.95 10.05
427 15.95 10.05
428 15.95 10.05
429 15.95 10.05
430 15.95 10.05
431 15.95 10.10
432 15.95 10.10
433 15.95 10.10
434 15.95 10.10
435 15.95 10.10
436 16.00 10.10
437 16.00 10.10
438 16.00 10.10
439 16.00 10.10
440 16.00 10.10
441 16.00 10.10
442 16.00 10.10
443 16.00 10.10
444 16.00 10.10
445 16.00 10.10
446 16.00 10.10
447 16.00 10.10
448 16.00 10.10
449 16.00 10.10
450 16.00 10.10
451 16.00 10.10
452 16.05 10.10
453 16.05 10.10
454 16.05 10.10
455 16.05 10.10
456 16.05 10.15
457 16.05 10.15
458 16.05 10.15
459 16.05 10.15
460 16.05 10.15
461 16.05 10.15
462 16.05 10.15
463 16.05 10.15
464 16.05 10.15
465 16.05 10.15
466 16.05 10.15
467 16.05 10.15
468 16.10 10.15
469 16.10 10.15
470 16.10 10.15
471 16.10 10.15
472 16.10 10.15
473 16.10 10.15
474 16.10 10.15
475 16.10 10.15
476 16.10 10.15
477 16.10 10.15
478 16.10 10.15
479 16.10 10.15
480 16.10 10.15
481 16.10 10.20
482 16.10 10.20
483 16.10 10.20
484 16.15 10.20
485 16.15 10.20
486 16.15 10.20
487 16.15 10.20
488 16.15 10.20
489 16.15 10.20
490 16.15 10.20
491 16.15 10.20
492 16.15 10.20
493 16.15 10.20
494 16.15 10.20
495 16.15 10.20
496 16.15 10.20
497 16.15 10.20
498 16.15 10.20
499 16.15 10.20
500 16.15 10.20
